32 54 122
88 164 128
228 224 119
49 84 202
167 108 227
178 145 46
188 46 20
49 174 1
122 124 95
3 2 153
53 171 26
125 225 75
68 16 153
244 162 109
250 2 50
191 153 83
174 212 59
50 29 84
181 221 8
163 129 196
101 114 240
102 28 248
18 233 71
210 67 71
18 149 99
60 75 5
186 206 152
248 137 136
96 232 62
93 83 37
89 56 168
192 255 49
251 20 44
117 225 2
153 209 31
211 79 237
139 197 215
46 158 72
37 69 169
220 36 103
189 165 235
51 53 160
168 61 241
135 40 73
59 96 18
46 81 182
203 100 162
126 6 62
175 159 246
203 156 53
59 102 101
107 105 241
196 14 67
179 193 198
161 236 230
249 251 12
38 87 163
146 107 21
168 162 207
211 103 57
126 36 192
18 68 205
251 50 203
164 88 37
119 33 70
222 248 151
69 71 133
22 121 121
187 248 222
160 48 31
48 139 167
211 115 224
247 84 52
4 152 16
102 169 220
136 243 4
211 223 243
180 217 19
147 76 207
221 161 145
252 68 196
90 160 212
98 30 42
126 42 49
27 46 83
161 150 253
124 202 151
22 56 142
219 72 75
52 101 57
140 251 195
79 117 83
231 59 85
189 186 51
62 92 87
212 140 44
233 179 29
232 62 149
60 151 254
79 39 194
141 91 77
95 156 10
48 86 98
108 242 193
124 221 145
204 127 61
198 69 47
212 152 210
98 227 146
218 145 215
167 13 15
51 194 161
233 25 251
52 126 133
127 91 172
51 27 217
188 41 119
133 239 241
248 216 177
127 78 35
134 189 177
119 143 197
189 47 202
194 7 43
241 129 83
181 10 172
120 11 160
165 238 155
167 32 8
233 9 80
212 22 223
213 176 31
85 66 122
190 56 93
125 251 48
251 246 96
163 149 85
224 65 124
28 101 63
194 108 9
61 193 67
247 206 90
92 254 183
213 188 197
206 114 239
176 139 159
232 114 65
223 145 63
0 83 3
181 34 248
106 106 137
137 149 33
125 13 42
177 62 14
142 146 57
128 115 22
242 76 14
77 137 141
253 147 253
109 214 200
7 187 91
53 174 30
99 26 126
251 104 227
104 4 186
20 88 109
107 207 103
214 212 17
192 209 216
148 50 37
190 95 99
166 197 253
185 206 93
96 229 239
7 116 29
24 230 81
254 165 246
35 29 119
242 184 63
214 224 183
57 1 76
135 133 103
41 214 116
138 96 220
22 140 11
54 198 107
86 121 102
224 14 105
62 242 220
220 141 43
36 75 193
129 151 8
93 219 107
35 131 85
62 248 47
25 165 102
29 245 99
182 83 145
79 41 91
82 226 43
41 232 109
64 167 139
1 137 239
214 249 4
44 96 53
107 43 237
255 196 149
82 148 154
207 8 101
225 137 98
243 131 250
110 96 153
191 138 169
78 108 148
136 114 199
215 5 170
165 144 169
93 127 47
105 58 166
54 47 121
44 198 19
183 107 221
65 136 68
54 136 177
255 214 143
8 220 73
186 5 73
130 188 251
201 107 201
249 124 29
127 92 98
196 116 3
51 47 107
55 247 3
58 56 56
168 91 115
234 205 32
107 246 168
151 67 119
215 29 247
151 240 146
65 37 181
63 40 200
253 99 55
229 66 109
98 46 212
222 146 215
197 217 225
127 110 91
122 187 178
30 43 79
216 41 157
16 31 7
51 120 247
170 159 217
225 254 22
66 0 27
56 15 80
45 151 33
140 2 249
192 186 65
51 43 102
80 191 209
131 224 238
52 250 38
208 118 229
192 192 148
112 67 160
73 104 115
184 155 118
38 71 21
254 213 187
171 177 210
151 69 197
45 253 255
216 65 233
3 127 240
23 31 125
128 140 251
169 51 213
251 124 117
227 210 71
202 161 180
27 83 41
64 83 14
165 10 207
181 229 215
216 78 143
124 174 100
9 114 191
235 3 12
141 205 180
88 57 34
185 180 194
24 166 254
226 124 64
129 159 244
95 122 131
231 120 89
131 4 224
160 137 131
166 112 172
1 37 199
27 18 62
96 162 122
57 64 233
17 86 243
84 79 3
108 149 133
194 148 226
195 182 134
217 102 220
110 14 77
237 24 68
193 241 45
84 2 114
18 181 125
100 119 185
181 176 146
113 205 112
1 55 192
209 89 236
75 159 94
217 114 130
231 61 193
223 108 135
44 104 62
56 156 81
110 115 42
57 88 53
4 181 219
56 245 136
65 131 167
138 201 161
125 50 225
132 41 211
11 24 224
124 106 116
66 137 250
199 225 219
118 220 130
186 228 91
253 101 208
170 201 75
44 122 55
238 227 0
89 112 14
218 138 206
218 157 170
195 18 12
2 85 96
0 209 15
40 239 133
229 27 44
161 191 111
199 70 184
194 27 115
252 168 9
225 89 230
218 150 117
83 204 31
181 101 79
109 204 113
228 107 238
133 173 50
186 252 168
239 196 185
142 111 208
2 103 89
182 24 190
19 236 105
133 77 197
118 167 62
82 99 60
130 237 44
114 176 120
140 21 138
58 137 206
232 116 173
0 66 147
237 94 234
25 50 29
240 42 150
219 175 193
69 44 7
153 12 212
67 186 146
171 160 172
62 41 141
101 191 159
140 206 76
29 192 0
131 0 38
40 248 39
119 18 110
219 187 103
190 91 124
140 95 23
174 48 163
143 58 140
155 231 58
59 161 26
219 211 150
229 233 24
195 76 12
225 103 219
169 166 241
134 114 184
226 54 155
40 93 4
195 82 95
30 127 21
162 79 146
187 45 64
212 131 138
87 188 219
174 67 157
69 130 58
134 227 30
219 211 180
176 187 101
112 6 156
132 30 197
87 111 74
84 98 149
230 100 17
120 221 42
115 58 72
68 228 216
83 71 68
13 204 246
220 223 90
42 234 217
98 89 223
238 149 214
59 9 41
177 32 66
188 69 141
198 226 115
59 98 96
132 48 190
13 182 248
63 95 121
135 150 171
77 197 248
254 87 204
4 182 146
201 78 179
184 137 154
60 209 179
191 146 104
173 54 35
111 39 79
112 209 87
28 157 166
220 247 166
28 74 194
70 255 100
196 130 248
2 62 231
106 156 157
103 8 132
99 236 7
201 180 144
4 200 139
127 150 97
163 134 126
221 3 76
149 122 54
56 83 167
47 249 9
230 216 198
199 90 74
61 234 255
178 241 81
145 220 168
69 21 113
56 5 22
213 25 1
135 186 157
185 84 85
213 80 148
69 27 196
117 29 80
206 195 162
189 118 38
171 161 69
3 175 107
48 11 2
156 32 117
178 87 46
221 28 153
135 217 31
28 249 44
5 231 42
174 13 132
128 214 165
232 172 247
79 251 228
32 45 216
197 173 61
170 229 127
57 63 6
221 40 63
1 9 148
14 76 111
112 94 59
146 167 99
221 148 82
190 142 114
157 0 46
231 86 240
6 249 36
100 84 51
108 211 137
136 223 144
36 227 179
171 74 92
134 127 247
32 236 237
229 252 170
62 26 152
150 176 34
89 41 179
241 240 180
199 111 146
72 17 182
222 64 139
243 104 124
242 243 244
70 75 93
89 220 34
151 16 173
105 81 105
58 10 193
118 167 32
134 145 240
214 52 156
208 249 142
222 76 50
108 152 241
228 70 55
177 194 110
61 118 1
243 205 90
62 50 229
137 15 11
61 208 56
198 221 214
143 163 80
2 140 17
137 3 130
144 114 16
129 68 36
199 227 41
204 187 138
251 54 178
191 190 11
130 191 0
175 163 251
177 212 103
243 190 175
222 202 62
223 101 126
94 247 218
200 236 188
135 176 144
5 171 191
173 73 181
234 245 220
38 26 159
204 33 104
71 118 163
1 131 185
102 179 22
223 113 36
216 39 78
186 64 255
242 38 160
233 69 158
10 7 98
191 215 87
116 31 232
147 73 128
135 194 137
187 242 109
152 70 153
138 39 117
251 1 109
87 62 236
7 72 92
119 138 40
17 112 186
63 99 125
109 206 221
5 29 67
114 185 26
30 13 205
117 132 198
224 137 113
202 134 55
158 230 132
200 20 194
176 122 92
195 131 189
106 154 78
17 41 124
34 154 176
8 90 85
45 210 214
252 109 158
224 149 23
67 182 171
144 57 199
51 139 211
148 20 59
32 65 106
64 123 202
96 46 198
234 195 200
72 166 59
230 66 139
46 0 33
139 76 104
103 144 203
45 55 180
72 172 143
35 89 197
39 169 194
192 7 240
89 221 186
92 150 139
51 157 204
74 92 234
11 62 78
224 173 99
53 21 148
117 224 76
8 120 245
92 73 249
217 189 197
235 62 193
253 56 89
120 20 248
201 62 8
88 33 244
146 38 38
225 185 9
175 69 9
103 51 143
115 239 6
64 227 216
54 123 114
193 31 60
75 61 163
64 61 16
9 139 238
18 145 168
196 186 169
140 112 90
210 31 40
3 49 124
137 17 193
206 40 98
61 227 202
65 172 99
68 236 151
178 16 211
244 129 127
117 171 7
161 247 214
225 210 86
161 164 242
75 218 20
73 221 39
7 24 151
239 246 205
108 226 52
232 71 54
206 142 64
137 35 186
132 112 17
40 224 174
226 222 252
26 212 102
61 45 87
180 84 56
235 178 118
76 180 122
66 196 175
55 76 128
150 182 88
202 111 161
61 224 197
90 115 49
140 149 77
62 174 133
218 43 68
202 117 244
122 247 0
83 29 210
194 80 213
48 251 117
8 138 26
181 102 50
161 250 36
55 177 94
226 246 72
12 51 79
33 211 220
138 65 90
179 231 52
5 48 212
237 135 166
212 86 20
37 8 136
74 7 109
175 191 46
190 154 54
226 2 239
134 99 195
19 39 30
245 184 107
151 129 19
98 238 130
194 104 34
34 91 93
236 48 160
139 83 83
105 47 227
241 45 184
141 185 63
169 61 226
176 36 12
11 217 38
37 199 157
106 87 218
67 244 72
27 10 82
94 3 98
117 74 228
204 73 66
205 107 230
227 26 59
120 194 172
247 205 164
203 165 141
94 182 209
28 106 220
110 43 25
191 101 241
123 129 208
11 236 32
219 14 75
85 83 190
227 39 225
241 242 33
233 32 230
54 28 157
66 81 176
120 40 138
67 13 148
14 106 59
66 170 232
75 56 6
148 126 0
135 231 64
142 221 50
21 204 64
134 30 212
76 62 89
209 150 58
128 144 226
196 153 187
7 25 47
180 125 170
54 46 151
248 152 95
99 37 110
228 63 46
227 81 9
205 199 108
12 10 191
10 133 111
50 164 228
239 208 139
171 116 206
209 251 24
204 208 210
6 93 105
235 13 70
228 75 212
93 129 126
191 26 174
119 129 208
238 32 78
142 97 146
196 177 7
249 121 24
152 36 48
12 28 184
191 205 29
29 160 200
143 2 37
128 91 157
92 24 156
140 162 140
124 101 215
150 202 234
68 61 45
242 41 12
10 247 242
247 19 73
35 231 124
250 222 246
229 99 32
79 224 103
163 192 52
77 110 242
181 84 12
72 221 236
111 116 254
150 131 172
39 117 96
141 180 133
50 172 134
129 199 206
229 111 198
200 16 219
149 20 118
184 229 3
153 239 235
165 155 154
69 85 122
229 136 245
239 157 120
205 0 107
235 28 58
179 90 80
144 38 23
236 234 250
50 18 100
205 7 190
40 52 117
172 4 242
197 226 160
222 56 234
97 113 58
184 247 252
79 54 154
144 152 126
229 136 19
186 111 196
122 186 252
141 211 36
97 35 169
94 23 244
240 24 113
130 146 137
125 239 168
78 153 55
93 251 163
23 129 86
230 148 185
52 159 56
108 13 62
248 73 53
69 190 136
187 213 162
198 250 236
208 151 211
69 23 192
142 229 30
22 107 88
73 20 216
145 75 10
87 121 87
8 11 44
14 107 241
211 3 18
194 62 250
70 134 18
201 71 199
183 234 130
121 220 175
122 133 183
38 82 6
230 172 5
38 254 33
80 180 196
206 55 87
12 242 70
116 81 252
113 189 227
109 161 102
211 104 240
14 125 234
137 74 193
173 58 221
230 184 172
159 46 150
66 7 6
57 174 104
240 141 37
209 15 169
71 158 95
188 166 176
155 145 7
79 201 208
66 186 117
223 206 96
145 111 253
195 9 181
223 5 243
79 207 35
127 210 175
216 119 1
199 42 133
181 86 164
13 100 202
58 192 97
166 212 212
188 12 141
231 208 248
145 142 126
38 174 139
15 155 138
184 193 228
138 138 4
242 97 86
89 176 67
42 226 55
207 97 157
180 153 222
67 244 101
231 221 158
11 189 243
24 1 206
122 18 154
156 92 195
231 72 177
199 67 209
167 181 141
241 11 79
16 174 131
109 9 146
118 135 232
146 147 239
46 152 18
181 255 187
144 52 86
42 161 76
239 177 9
72 207 248
160 101 130
99 222 18
250 164 20
209 35 241
82 197 21
232 245 235
253 29 220
252 167 83
80 0 188
99 145 129
161 196 12
115 5 200
68 191 33
128 92 127
144 70 79
224 232 251
218 174 237
232 1 145
118 76 80
238 251 150
187 119 205
71 43 96
253 130 185
72 231 68
147 196 106
71 132 151
208 146 54
153 88 176
12 65 112
147 184 226
154 39 111
139 249 131
208 152 137
214 112 234
5 235 17
201 115 106
140 116 95
185 87 90
187 137 198
253 114 15
232 127 157
233 25 221
104 172 57
210 161 27
145 100 239
15 96 30
183 254 20
244 170 59
48 206 254
214 213 199
81 42 2
11 55 24
112 104 117
233 37 131
226 219 173
196 244 94
252 219 0
243 250 253
19 188 193
201 139 183
126 211 72
157 254 223
145 118 232
196 167 205
162 251 248
148 220 212
5 182 205
97 242 75
17 252 187
129 63 135
27 36 25
73 23 221
